[gd_scene load_steps=6 format=2]

[ext_resource path="res://Assets/Scenes/Scenery/TrashCan.tscn" type="PackedScene" id=1]
[ext_resource path="res://Assets/Scenes/Scenery/Floor.tscn" type="PackedScene" id=2]
[ext_resource path="res://Assets/Scenes/Scenery/Platform.tscn" type="PackedScene" id=3]
[ext_resource path="res://Assets/Scenes/ExitPortal.tscn" type="PackedScene" id=4]
[ext_resource path="res://Assets/Scenes/Scenery/FenceShort.tscn" type="PackedScene" id=5]

[node name="Level1" type="Spatial"]

[node name="Spawnpoint" type="Spatial" parent="."]
transform = Transform( 1, 0, 0, 0, 1, 0, 0, 0, 1, 0, 7.20139, 33.6064 )

[node name="HumanSpawn" type="Spatial" parent="." groups=[
"HumanSpawn",
]]
transform = Transform( 1, 0, 0, 0, 1, 0, 0, 0, 1, 15.7581, 13, 109.525 )

[node name="HumanSpawn2" type="Spatial" parent="." groups=[
"HumanSpawn",
]]
transform = Transform( -0.984889, 0, 0.173184, 0, 1, 0, -0.173184, 0, -0.984889, -52.7372, 13, 109.525 )

[node name="HumanSpawn3" type="Spatial" parent="." groups=[
"HumanSpawn",
]]
transform = Transform( -0.984889, 0, 0.173184, 0, 1, 0, -0.173184, 0, -0.984889, -95.0974, 13, 109.525 )

[node name="HumanSpawn4" type="Spatial" parent="." groups=[
"HumanSpawn",
]]
transform = Transform( -0.984889, 0, 0.173184, 0, 1, 0, -0.173184, 0, -0.984889, -95.0974, 13, 37.2446 )

[node name="HumanSpawn5" type="Spatial" parent="." groups=[
"HumanSpawn",
]]
transform = Transform( -0.984889, 0, 0.173184, 0, 1, 0, -0.173184, 0, -0.984889, -95.0974, 13, -3.28696 )

[node name="HumanSpawn6" type="Spatial" parent="." groups=[
"HumanSpawn",
]]
transform = Transform( -0.984889, 0, 0.173184, 0, 1, 0, -0.173184, 0, -0.984889, -64.4062, 13, -3.28696 )

[node name="HumanSpawn7" type="Spatial" parent="." groups=[
"HumanSpawn",
]]
transform = Transform( -0.984889, 0, 0.173184, 0, 1, 0, -0.173184, 0, -0.984889, -36.5385, 13, -3.28696 )

[node name="HumanSpawn8" type="Spatial" parent="." groups=[
"HumanSpawn",
]]
transform = Transform( -0.984889, 0, 0.173184, 0, 1, 0, -0.173184, 0, -0.984889, 16.7555, 13, -3.28696 )

[node name="HumanSpawn9" type="Spatial" parent="." groups=[
"HumanSpawn",
]]
transform = Transform( -0.984889, 0, 0.173184, 0, 1, 0, -0.173184, 0, -0.984889, 54.3519, 13, -3.28696 )

[node name="HumanSpawn10" type="Spatial" parent="." groups=[
"HumanSpawn",
]]
transform = Transform( -0.984889, 0, 0.173184, 0, 1, 0, -0.173184, 0, -0.984889, 54.3519, 13, 64.6957 )

[node name="HumanSpawn11" type="Spatial" parent="." groups=[
"HumanSpawn",
]]
transform = Transform( -0.984889, 0, 0.173184, 0, 1, 0, -0.173184, 0, -0.984889, 108.161, 13, 64.6957 )

[node name="HumanSpawn12" type="Spatial" parent="." groups=[
"HumanSpawn",
]]
transform = Transform( -0.984889, 0, 0.173184, 0, 1, 0, -0.173184, 0, -0.984889, 108.161, 13, 16.6064 )

[node name="HumanSpawn13" type="Spatial" parent="." groups=[
"HumanSpawn",
]]
transform = Transform( -0.984889, 0, 0.173184, 0, 1, 0, -0.173184, 0, -0.984889, -166.44, 13, 16.6064 )

[node name="HumanSpawn14" type="Spatial" parent="." groups=[
"HumanSpawn",
]]
transform = Transform( -0.984889, 0, 0.173184, 0, 1, 0, -0.173184, 0, -0.984889, -166.44, 13, 70.2494 )

[node name="HumanSpawn15" type="Spatial" parent="." groups=[
"HumanSpawn",
]]
transform = Transform( -0.984889, 0, 0.173184, 0, 1, 0, -0.173184, 0, -0.984889, 48.979, 13, 70.2494 )

[node name="HumanSpawn16" type="Spatial" parent="." groups=[
"HumanSpawn",
]]
transform = Transform( -0.984889, 0, 0.173184, 0, 1, 0, -0.173184, 0, -0.984889, -32.021, 13, 70.2494 )

[node name="HumanSpawn17" type="Spatial" parent="." groups=[
"HumanSpawn",
]]
transform = Transform( -0.984889, 0, 0.173184, 0, 1, 0, -0.173184, 0, -0.984889, -32.021, 13, 70.2494 )

[node name="HumanSpawn18" type="Spatial" parent="." groups=[
"HumanSpawn",
]]
transform = Transform( -0.984889, 0, 0.173184, 0, 1, 0, -0.173184, 0, -0.984889, -41.5321, 43.3105, -54.9796 )

[node name="HumanSpawn19" type="Spatial" parent="." groups=[
"HumanSpawn",
]]
transform = Transform( -0.984889, 0, 0.173184, 0, 1, 0, -0.173184, 0, -0.984889, -31.5321, 43.3105, -54.9796 )

[node name="HumanSpawn20" type="Spatial" parent="." groups=[
"HumanSpawn",
]]
transform = Transform( -0.984889, 0, 0.173184, 0, 1, 0, -0.173184, 0, -0.984889, -31.5321, 43.3105, -49.7317 )

[node name="HumanSpawn21" type="Spatial" parent="." groups=[
"HumanSpawn",
]]
transform = Transform( -0.984889, 0, 0.173184, 0, 1, 0, -0.173184, 0, -0.984889, -40.1971, 43.3105, -49.7317 )

[node name="HumanSpawn22" type="Spatial" parent="." groups=[
"HumanSpawn",
]]
transform = Transform( -0.984889, 0, 0.173184, 0, 1, 0, -0.173184, 0, -0.984889, -36.5447, 43.3105, -53.3273 )

[node name="HumanSpawn23" type="Spatial" parent="." groups=[
"HumanSpawn",
]]
transform = Transform( -0.984889, 0, 0.173184, 0, 1, 0, -0.173184, 0, -0.984889, 25.2294, 55.2075, -126.572 )

[node name="HumanSpawn24" type="Spatial" parent="." groups=[
"HumanSpawn",
]]
transform = Transform( -0.984889, 0, 0.173184, 0, 1, 0, -0.173184, 0, -0.984889, 25.2294, 55.2075, -119.271 )

[node name="HumanSpawn25" type="Spatial" parent="." groups=[
"HumanSpawn",
]]
transform = Transform( -0.984889, 0, 0.173184, 0, 1, 0, -0.173184, 0, -0.984889, 31.0151, 55.2075, -119.271 )

[node name="HumanSpawn26" type="Spatial" parent="." groups=[
"HumanSpawn",
]]
transform = Transform( -0.984889, 0, 0.173184, 0, 1, 0, -0.173184, 0, -0.984889, 31.0151, 55.2075, -133.289 )

[node name="HumanSpawn27" type="Spatial" parent="." groups=[
"HumanSpawn",
]]
transform = Transform( -0.984889, 0, 0.173184, 0, 1, 0, -0.173184, 0, -0.984889, 31.0151, 55.2075, -126.808 )

[node name="HumanSpawn28" type="Spatial" parent="." groups=[
"HumanSpawn",
]]
transform = Transform( -0.984889, 0, 0.173184, 0, 1, 0, -0.173184, 0, -0.984889, 22.6419, 55.2075, -126.808 )

[node name="HumanSpawn29" type="Spatial" parent="." groups=[
"HumanSpawn",
]]
transform = Transform( -0.984889, 0, 0.173184, 0, 1, 0, -0.173184, 0, -0.984889, 22.6419, 55.2075, -126.808 )

[node name="Floor" parent="." instance=ExtResource( 2 )]

[node name="ExitPortal" parent="." instance=ExtResource( 4 )]
transform = Transform( 4, 0, 0, 0, 0.25, 0, 0, 0, 4, -19.95, 49.8965, -168.718 )

[node name="TrashCan" parent="." instance=ExtResource( 1 )]
transform = Transform( 1, 0, 0, 0, 1, 0, 0, 0, 1, 3.02486, 2.4989, 26.3985 )

[node name="Platform" parent="." instance=ExtResource( 3 )]
transform = Transform( 9, 0, 0, 0, 0.25, 0, 0, 0, 9, -12.8255, 4.02132, -3.18552 )

[node name="Platform7" parent="." instance=ExtResource( 3 )]
transform = Transform( 9, 0, 0, 0, 0.25, 0, 0, 0, 9, 11.9248, 8.37729, -21.7438 )

[node name="Platform8" parent="." instance=ExtResource( 3 )]
transform = Transform( 9, 0, 0, 0, 0.25, 0, 0, 0, 9, -36.3222, 8.37729, -22.7868 )

[node name="Platform9" parent="." instance=ExtResource( 3 )]
transform = Transform( 9, 0, 0, 0, 0.25, 0, 0, 0, 9, -36.3222, 39.9456, -52.2802 )

[node name="Platform10" parent="." instance=ExtResource( 3 )]
transform = Transform( 9, 0, 0, 0, 0.25, 0, 0, 0, 9, 26.9549, 51.2677, -125.899 )

[node name="Platform2" parent="." instance=ExtResource( 3 )]
transform = Transform( 9, 0, 0, 0, 0.25, 0, 0, 0, 9, -12.8255, 12.3216, -30.366 )

[node name="Platform3" parent="." instance=ExtResource( 3 )]
transform = Transform( 9, 0, 0, 0, 0.25, 0, 0, 0, 9, -12.8255, 18.477, -61.8197 )

[node name="Platform4" parent="." instance=ExtResource( 3 )]
transform = Transform( 9, 0, 0, 0, 0.25, 0, 0, 0, 9, -12.8255, 25.3871, -92.4975 )

[node name="Platform5" parent="." instance=ExtResource( 3 )]
transform = Transform( 9, 0, 0, 0, 0.25, 0, 0, 0, 9, -12.8255, 34.0082, -123.418 )

[node name="Platform6" parent="." instance=ExtResource( 3 )]
transform = Transform( 9, 0, 0, 0, 0.25, 0, 0, 0, 9, -12.8255, 37.9948, -143.075 )

[node name="FenceShort" parent="." instance=ExtResource( 5 )]
transform = Transform( 0.022094, 0, 0.999756, 0, 3, 0, -0.999756, 0, 0.022094, 20.5871, 52.0642, -116.472 )

[node name="FenceShort2" parent="." instance=ExtResource( 5 )]
transform = Transform( 0.022094, 0, 0.999756, 0, 3, 0, -0.999756, 0, 0.022094, 29.0333, 52.0642, -116.472 )

[node name="FenceShort3" parent="." instance=ExtResource( 5 )]
transform = Transform( 0.022094, 0, 0.999756, 0, 3, 0, -0.999756, 0, 0.022094, -43.7354, 42.0269, -42.6747 )

[node name="FenceShort4" parent="." instance=ExtResource( 5 )]
transform = Transform( 0.022094, 0, 0.999756, 0, 3, 0, -0.999756, 0, 0.022094, -35.2892, 42.0269, -42.6747 )
